{
 "cells": [
  {
   "cell_type": "code",
   "execution_count": 2,
   "metadata": {},
   "outputs": [],
   "source": [
    "from __future__ import annotations\n",
    "\n",
    "from estimark.msm import estimate_msm"
   ]
  },
  {
   "cell_type": "code",
   "execution_count": 3,
   "metadata": {},
   "outputs": [
    {
     "name": "stdout",
     "output_type": "stream",
     "text": [
      "Agent created:  IndShock\n",
      "Calculated empirical moments.\n",
      "Calculated moments covariance matrix.\n",
      "Estimating MSM...\n",
      "MSM estimation complete.\n"
     ]
    }
   ],
   "source": [
    "res = estimate_msm(\n",
    "    \"IndShock\",\n",
    "    params={\"CRRA\": 2.0, \"DiscFac\": 0.96},\n",
    ")"
   ]
  },
  {
   "cell_type": "code",
   "execution_count": 7,
   "metadata": {},
   "outputs": [
    {
     "data": {
      "text/plain": [
       "{'CRRA': 1.7685648638137668, 'DiscFac': 0.9709190706648813}"
      ]
     },
     "execution_count": 7,
     "metadata": {},
     "output_type": "execute_result"
    }
   ],
   "source": [
    "res.params"
   ]
  },
  {
   "cell_type": "code",
   "execution_count": 8,
   "metadata": {},
   "outputs": [
    {
     "data": {
      "text/plain": [
       "{'CRRA': {'CRRA': array(0.01253294), 'DiscFac': array(-0.00020467)},\n",
       " 'DiscFac': {'CRRA': array(-0.00020467), 'DiscFac': array(3.3853946e-06)}}"
      ]
     },
     "execution_count": 8,
     "metadata": {},
     "output_type": "execute_result"
    }
   ],
   "source": [
    "res.cov(method=\"robust\")"
   ]
  },
  {
   "cell_type": "code",
   "execution_count": 9,
   "metadata": {},
   "outputs": [
    {
     "data": {
      "text/plain": [
       "{'CRRA': 0.11195060766200018, 'DiscFac': 0.0018399441849149213}"
      ]
     },
     "execution_count": 9,
     "metadata": {},
     "output_type": "execute_result"
    }
   ],
   "source": [
    "res.se()"
   ]
  },
  {
   "cell_type": "code",
   "execution_count": 11,
   "metadata": {},
   "outputs": [
    {
     "data": {
      "text/plain": [
       "MomentsResult(_params={'CRRA': 1.7685648638137668, 'DiscFac': 0.9709190706648813}, _internal_estimates=InternalParams(values=array([1.76856486, 0.97091907]), lower_bounds=array([1.1, 0.5]), upper_bounds=array([20.,  1.]), soft_lower_bounds=None, soft_upper_bounds=None, names=['CRRA', 'DiscFac'], free_mask=array([ True,  True])), _free_estimates=FreeParams(values=array([1.76856486, 0.97091907]), free_mask=array([ True,  True]), free_names=['CRRA', 'DiscFac'], all_names=['CRRA', 'DiscFac']), _weights={'(25,30]': {'(25,30]': array(2027.28563602), '(30,35]': array(0.), '(35,40]': array(0.), '(40,45]': array(0.), '(45,50]': array(0.), '(50,55]': array(0.), '(55,60]': array(0.), '(70,75]': array(0.), '(75,80]': array(0.), '(80,85]': array(0.), '(85,90]': array(0.), '(90,95]': array(0.)}, '(30,35]': {'(25,30]': array(0.), '(30,35]': array(509.78878871), '(35,40]': array(0.), '(40,45]': array(0.), '(45,50]': array(0.), '(50,55]': array(0.), '(55,60]': array(0.), '(70,75]': array(0.), '(75,80]': array(0.), '(80,85]': array(0.), '(85,90]': array(0.), '(90,95]': array(0.)}, '(35,40]': {'(25,30]': array(0.), '(30,35]': array(0.), '(35,40]': array(538.26596846), '(40,45]': array(0.), '(45,50]': array(0.), '(50,55]': array(0.), '(55,60]': array(0.), '(70,75]': array(0.), '(75,80]': array(0.), '(80,85]': array(0.), '(85,90]': array(0.), '(90,95]': array(0.)}, '(40,45]': {'(25,30]': array(0.), '(30,35]': array(0.), '(35,40]': array(0.), '(40,45]': array(614.22932513), '(45,50]': array(0.), '(50,55]': array(0.), '(55,60]': array(0.), '(70,75]': array(0.), '(75,80]': array(0.), '(80,85]': array(0.), '(85,90]': array(0.), '(90,95]': array(0.)}, '(45,50]': {'(25,30]': array(0.), '(30,35]': array(0.), '(35,40]': array(0.), '(40,45]': array(0.), '(45,50]': array(308.48713129), '(50,55]': array(0.), '(55,60]': array(0.), '(70,75]': array(0.), '(75,80]': array(0.), '(80,85]': array(0.), '(85,90]': array(0.), '(90,95]': array(0.)}, '(50,55]': {'(25,30]': array(0.), '(30,35]': array(0.), '(35,40]': array(0.), '(40,45]': array(0.), '(45,50]': array(0.), '(50,55]': array(125.57982217), '(55,60]': array(0.), '(70,75]': array(0.), '(75,80]': array(0.), '(80,85]': array(0.), '(85,90]': array(0.), '(90,95]': array(0.)}, '(55,60]': {'(25,30]': array(0.), '(30,35]': array(0.), '(35,40]': array(0.), '(40,45]': array(0.), '(45,50]': array(0.), '(50,55]': array(0.), '(55,60]': array(72.62578056), '(70,75]': array(0.), '(75,80]': array(0.), '(80,85]': array(0.), '(85,90]': array(0.), '(90,95]': array(0.)}, '(70,75]': {'(25,30]': array(0.), '(30,35]': array(0.), '(35,40]': array(0.), '(40,45]': array(0.), '(45,50]': array(0.), '(50,55]': array(0.), '(55,60]': array(0.), '(70,75]': array(18.39668734), '(75,80]': array(0.), '(80,85]': array(0.), '(85,90]': array(0.), '(90,95]': array(0.)}, '(75,80]': {'(25,30]': array(0.), '(30,35]': array(0.), '(35,40]': array(0.), '(40,45]': array(0.), '(45,50]': array(0.), '(50,55]': array(0.), '(55,60]': array(0.), '(70,75]': array(0.), '(75,80]': array(16.38514796), '(80,85]': array(0.), '(85,90]': array(0.), '(90,95]': array(0.)}, '(80,85]': {'(25,30]': array(0.), '(30,35]': array(0.), '(35,40]': array(0.), '(40,45]': array(0.), '(45,50]': array(0.), '(50,55]': array(0.), '(55,60]': array(0.), '(70,75]': array(0.), '(75,80]': array(0.), '(80,85]': array(8.27617037), '(85,90]': array(0.), '(90,95]': array(0.)}, '(85,90]': {'(25,30]': array(0.), '(30,35]': array(0.), '(35,40]': array(0.), '(40,45]': array(0.), '(45,50]': array(0.), '(50,55]': array(0.), '(55,60]': array(0.), '(70,75]': array(0.), '(75,80]': array(0.), '(80,85]': array(0.), '(85,90]': array(1.8146134), '(90,95]': array(0.)}, '(90,95]': {'(25,30]': array(0.), '(30,35]': array(0.), '(35,40]': array(0.), '(40,45]': array(0.), '(45,50]': array(0.), '(50,55]': array(0.), '(55,60]': array(0.), '(70,75]': array(0.), '(75,80]': array(0.), '(80,85]': array(0.), '(85,90]': array(0.), '(90,95]': array(0.56673676)}}, _converter=Converter(params_to_internal=<function get_converter.<locals>._params_to_internal at 0x7fb40b7e3370>, params_from_internal=<function get_converter.<locals>._params_from_internal at 0x7fb40b7e17e0>, derivative_to_internal=<function get_converter.<locals>._derivative_to_internal at 0x7fb40b7e1750>, func_to_internal=<function get_converter.<locals>._func_to_internal at 0x7fb40b7e0670>, has_transforming_constraints=False), _internal_moments_cov=array([[ 4.93270402e-04,  8.25462471e-06,  1.77367039e-05,\n",
       "         1.49430437e-06, -3.57851806e-06, -2.52387652e-05,\n",
       "         1.35419713e-05,  1.80952152e-04, -4.12689345e-04,\n",
       "        -2.94257138e-04,  2.51722401e-04, -4.99207603e-04],\n",
       "       [ 8.25462471e-06,  1.96159669e-03, -3.58996862e-05,\n",
       "         3.24721332e-05,  5.33462937e-05,  1.02832053e-04,\n",
       "         1.26890556e-04,  1.84644353e-04, -2.59485332e-04,\n",
       "         5.51592911e-04, -2.64711827e-04, -9.93870896e-04],\n",
       "       [ 1.77367039e-05, -3.58996862e-05,  1.85781762e-03,\n",
       "         8.64795343e-05,  1.00869169e-04,  1.95117881e-05,\n",
       "         2.02323465e-04, -1.16627796e-04,  6.14425538e-04,\n",
       "         5.76744837e-04, -2.52459821e-03,  5.88661236e-04],\n",
       "       [ 1.49430437e-06,  3.24721332e-05,  8.64795343e-05,\n",
       "         1.62805643e-03,  5.73428347e-05, -9.74003571e-05,\n",
       "        -5.00488573e-05, -1.82136293e-05,  4.77081998e-04,\n",
       "        -1.30499055e-04, -1.14250174e-03,  1.43739568e-03],\n",
       "       [-3.57851806e-06,  5.33462937e-05,  1.00869169e-04,\n",
       "         5.73428347e-05,  3.24162631e-03, -2.64924408e-04,\n",
       "        -7.75831993e-06,  1.98567043e-04, -1.94765028e-04,\n",
       "         1.52976675e-04,  1.04585821e-03, -4.23089014e-03],\n",
       "       [-2.52387652e-05,  1.02832053e-04,  1.95117881e-05,\n",
       "        -9.74003571e-05, -2.64924408e-04,  7.96306272e-03,\n",
       "         7.85060344e-04,  2.86148167e-04,  4.35160086e-05,\n",
       "         1.88412674e-03,  1.71881934e-03,  5.58038826e-03],\n",
       "       [ 1.35419713e-05,  1.26890556e-04,  2.02323465e-04,\n",
       "        -5.00488573e-05, -7.75831993e-06,  7.85060344e-04,\n",
       "         1.37692152e-02, -3.67768381e-04, -3.57339639e-04,\n",
       "         1.59959751e-04, -3.98964413e-04,  6.20185091e-03],\n",
       "       [ 1.80952152e-04,  1.84644353e-04, -1.16627796e-04,\n",
       "        -1.82136293e-05,  1.98567043e-04,  2.86148167e-04,\n",
       "        -3.67768381e-04,  5.43576124e-02, -1.86887623e-03,\n",
       "        -4.15197277e-03,  2.02946685e-03, -3.93491780e-03],\n",
       "       [-4.12689345e-04, -2.59485332e-04,  6.14425538e-04,\n",
       "         4.77081998e-04, -1.94765028e-04,  4.35160086e-05,\n",
       "        -3.57339639e-04, -1.86887623e-03,  6.10308801e-02,\n",
       "         2.44524840e-03,  1.47438514e-03, -1.28159856e-02],\n",
       "       [-2.94257138e-04,  5.51592911e-04,  5.76744837e-04,\n",
       "        -1.30499055e-04,  1.52976675e-04,  1.88412674e-03,\n",
       "         1.59959751e-04, -4.15197277e-03,  2.44524840e-03,\n",
       "         1.20828832e-01, -2.16525770e-03, -1.84101396e-02],\n",
       "       [ 2.51722401e-04, -2.64711827e-04, -2.52459821e-03,\n",
       "        -1.14250174e-03,  1.04585821e-03,  1.71881934e-03,\n",
       "        -3.98964413e-04,  2.02946685e-03,  1.47438514e-03,\n",
       "        -2.16525770e-03,  5.51081569e-01, -2.24552316e-02],\n",
       "       [-4.99207603e-04, -9.93870896e-04,  5.88661236e-04,\n",
       "         1.43739568e-03, -4.23089014e-03,  5.58038826e-03,\n",
       "         6.20185091e-03, -3.93491780e-03, -1.28159856e-02,\n",
       "        -1.84101396e-02, -2.24552316e-02,  1.76448763e+00]]), _internal_weights=array([[2.02728564e+03, 0.00000000e+00, 0.00000000e+00, 0.00000000e+00,\n",
       "        0.00000000e+00, 0.00000000e+00, 0.00000000e+00, 0.00000000e+00,\n",
       "        0.00000000e+00, 0.00000000e+00, 0.00000000e+00, 0.00000000e+00],\n",
       "       [0.00000000e+00, 5.09788789e+02, 0.00000000e+00, 0.00000000e+00,\n",
       "        0.00000000e+00, 0.00000000e+00, 0.00000000e+00, 0.00000000e+00,\n",
       "        0.00000000e+00, 0.00000000e+00, 0.00000000e+00, 0.00000000e+00],\n",
       "       [0.00000000e+00, 0.00000000e+00, 5.38265968e+02, 0.00000000e+00,\n",
       "        0.00000000e+00, 0.00000000e+00, 0.00000000e+00, 0.00000000e+00,\n",
       "        0.00000000e+00, 0.00000000e+00, 0.00000000e+00, 0.00000000e+00],\n",
       "       [0.00000000e+00, 0.00000000e+00, 0.00000000e+00, 6.14229325e+02,\n",
       "        0.00000000e+00, 0.00000000e+00, 0.00000000e+00, 0.00000000e+00,\n",
       "        0.00000000e+00, 0.00000000e+00, 0.00000000e+00, 0.00000000e+00],\n",
       "       [0.00000000e+00, 0.00000000e+00, 0.00000000e+00, 0.00000000e+00,\n",
       "        3.08487131e+02, 0.00000000e+00, 0.00000000e+00, 0.00000000e+00,\n",
       "        0.00000000e+00, 0.00000000e+00, 0.00000000e+00, 0.00000000e+00],\n",
       "       [0.00000000e+00, 0.00000000e+00, 0.00000000e+00, 0.00000000e+00,\n",
       "        0.00000000e+00, 1.25579822e+02, 0.00000000e+00, 0.00000000e+00,\n",
       "        0.00000000e+00, 0.00000000e+00, 0.00000000e+00, 0.00000000e+00],\n",
       "       [0.00000000e+00, 0.00000000e+00, 0.00000000e+00, 0.00000000e+00,\n",
       "        0.00000000e+00, 0.00000000e+00, 7.26257806e+01, 0.00000000e+00,\n",
       "        0.00000000e+00, 0.00000000e+00, 0.00000000e+00, 0.00000000e+00],\n",
       "       [0.00000000e+00, 0.00000000e+00, 0.00000000e+00, 0.00000000e+00,\n",
       "        0.00000000e+00, 0.00000000e+00, 0.00000000e+00, 1.83966873e+01,\n",
       "        0.00000000e+00, 0.00000000e+00, 0.00000000e+00, 0.00000000e+00],\n",
       "       [0.00000000e+00, 0.00000000e+00, 0.00000000e+00, 0.00000000e+00,\n",
       "        0.00000000e+00, 0.00000000e+00, 0.00000000e+00, 0.00000000e+00,\n",
       "        1.63851480e+01, 0.00000000e+00, 0.00000000e+00, 0.00000000e+00],\n",
       "       [0.00000000e+00, 0.00000000e+00, 0.00000000e+00, 0.00000000e+00,\n",
       "        0.00000000e+00, 0.00000000e+00, 0.00000000e+00, 0.00000000e+00,\n",
       "        0.00000000e+00, 8.27617037e+00, 0.00000000e+00, 0.00000000e+00],\n",
       "       [0.00000000e+00, 0.00000000e+00, 0.00000000e+00, 0.00000000e+00,\n",
       "        0.00000000e+00, 0.00000000e+00, 0.00000000e+00, 0.00000000e+00,\n",
       "        0.00000000e+00, 0.00000000e+00, 1.81461340e+00, 0.00000000e+00],\n",
       "       [0.00000000e+00, 0.00000000e+00, 0.00000000e+00, 0.00000000e+00,\n",
       "        0.00000000e+00, 0.00000000e+00, 0.00000000e+00, 0.00000000e+00,\n",
       "        0.00000000e+00, 0.00000000e+00, 0.00000000e+00, 5.66736758e-01]]), _internal_jacobian=array([[  0.32146506,  15.34256936],\n",
       "       [  0.66774082,  41.16402998],\n",
       "       [  1.13409539,  67.04892712],\n",
       "       [  2.40277415, 135.1470847 ],\n",
       "       [  1.61454588, 114.95345702],\n",
       "       [  1.99774008, 143.40169664],\n",
       "       [  2.30237639, 161.17576083],\n",
       "       [  2.77258387, 180.92268951],\n",
       "       [  2.75745812, 166.41114592],\n",
       "       [  2.36995711, 139.5298569 ],\n",
       "       [  1.57196747,  75.57445843],\n",
       "       [  0.3472485 ,  19.21066924]]), _empirical_moments={'(25,30]': 0.5574998121910544, '(30,35]': 0.9675607353906764, '(35,40]': 2.168068545096722, '(40,45]': 3.234950933121561, '(45,50]': 4.688547995398578, '(50,55]': 6.142846523177507, '(55,60]': 8.209944114318054, '(70,75]': 13.905111816750804, '(75,80]': 14.562181663837016, '(80,85]': 14.358754447244063, '(85,90]': 15.71527224435591, '(90,95]': 17.99554082928189}, _has_constraints=False, _jacobian={'(25,30]': {'CRRA': array(0.32146506), 'DiscFac': array(15.34256936)}, '(30,35]': {'CRRA': array(0.66774082), 'DiscFac': array(41.16402998)}, '(35,40]': {'CRRA': array(1.13409539), 'DiscFac': array(67.04892712)}, '(40,45]': {'CRRA': array(2.40277415), 'DiscFac': array(135.1470847)}, '(45,50]': {'CRRA': array(1.61454588), 'DiscFac': array(114.95345702)}, '(50,55]': {'CRRA': array(1.99774008), 'DiscFac': array(143.40169664)}, '(55,60]': {'CRRA': array(2.30237639), 'DiscFac': array(161.17576083)}, '(70,75]': {'CRRA': array(2.77258387), 'DiscFac': array(180.92268951)}, '(75,80]': {'CRRA': array(2.75745812), 'DiscFac': array(166.41114592)}, '(80,85]': {'CRRA': array(2.36995711), 'DiscFac': array(139.5298569)}, '(85,90]': {'CRRA': array(1.57196747), 'DiscFac': array(75.57445843)}, '(90,95]': {'CRRA': array(0.3472485), 'DiscFac': array(19.21066924)}}, _no_jacobian_reason=None, _cache={})"
      ]
     },
     "execution_count": 11,
     "metadata": {},
     "output_type": "execute_result"
    }
   ],
   "source": [
    "res"
   ]
  },
  {
   "cell_type": "code",
   "execution_count": null,
   "metadata": {},
   "outputs": [],
   "source": []
  }
 ],
 "metadata": {
  "kernelspec": {
   "display_name": "estimatingmicrodsops",
   "language": "python",
   "name": "python3"
  },
  "language_info": {
   "codemirror_mode": {
    "name": "ipython",
    "version": 3
   },
   "file_extension": ".py",
   "mimetype": "text/x-python",
   "name": "python",
   "nbconvert_exporter": "python",
   "pygments_lexer": "ipython3",
   "version": "3.12.3"
  }
 },
 "nbformat": 4,
 "nbformat_minor": 2
}
